20
 0  7  9 99 99  1 15 99 99 20 99 99 99  8 99 99 99 99 18 99
 7  0  3 12 99 99 99  6 99 99 11 99 99  9 99 99 99 99 99 99
 9  3  0  2 99 99 99 99 14 99 99  5 99 99  7 99 99 99 99 99
99 12  2  0 10  9 99 99 99 99 99  4 99 99 99 13 99 99 99 99
99 99 99 10  0 99 16  1 99 99 99 99  8 99 99 99  2 99 99 99
 1 99 99  9 99  0  5 99  4 99 99 99 99 99  3 99 99 99 99 99
15 99 99 99 16  5  0 99 99 99 99 99 99 99  2 99 11  9 99 99
99  6 99 99  1 99 99  0 99 99  3 99 99 99 99 99  7 99 99 99
99 99 14 99 99  4 99 99  0 99 99 99 99 99  5 99 99  3 99 99
20 99 99 99 99 99 99 99 99  0 99 18  3 99 99 99 99 12 99  7
99 11 99 99 99 99 99  3 99 99  0 99 99 99 99  8 99 99 99 16
99 99  5 99 99 99 99 99 99 18 99  0 99 99 99  4 99 99 99 99
99 99 99 99  8 99 99 99 99  3 99 99  0 99 99 99 99 99  6 19
 8  9 99 99 99 99 99 99 99 99 99 99 99  0 99 99  5 99 99 99
99 99  7 99 99  3 99 99  5 99 99 99 99 99  0 99 99 99 17 99
99 99 99 13 99 99 99 99 99 99  8 99 99 99 99  0 99  6 99 99
99 99 99 99  2 99 11  7 99 99 99 99 99  5 99 99  0 99 99 99
99 99 99 99 99 99  9 99  3 12 99 99 99 99 99  6 99  0 99 99
18 99 99 99 99 99 99 99 99 99 99 99 99 99 17 99 99 99  0 14
99 99 99 99 99 99 99 99 99  7 99 99 19 99 99 99 99 14  0  2